183164711
183300713
183419861
183787936
183813578
183836403
183597990
183805729
183827973
184015549
184505397
183902956
184091012
183798525
183850663
183792765
183795771
183737268
183726289
183167634
183169278
183178031
183179654
183183105
183188046
183185320
183202983
183212748
183210857
183222485
183228825
183234160
183249730
183255195
183265156
183267494
183322109
183464115
183466896
183508319
183549159
183555931
183555344
183559598
183607881
183610356
183623359
183624524
183627397
183652990
183655349
183687997
183699735
183696307
183713139
183705164
183769038
183773701
184103951
183692785
184275569
184278764
184323376
184451684
184454115
184456803
184459860
184528460
184641781
184782324
184824048
184846753
184887252
